1000
381 629 10
673 703 15
212 768 10
457 951 17
218 946 13
486 627 1
643 938 15
62 628 9
172 940 2
97 797 2
20 132 14
320 593 9
577 952 17
280 445 16
92 169 9
345 617 4
670 979 11
531 654 3
631 992 4
342 345 17
715 808 11
104 403 14
35 900 11
155 277 7
281 455 9
478 678 5
397 523 10
494 602 18
216 876 14
575 749 10
482 640 7
535 691 11
336 661 8
307 534 8
38 158 9
315 724 2
233 601 15
630 947 5
201 326 13
417 424 10
682 808 8
552 595 18
329 563 1
344 802 2
417 435 19
481 670 2
355 402 19
271 492 3
343 901 13
273 517 8
22 737 18
356 809 1
18 851 11
261 841 1
593 672 9
309 896 9
588 664 15
238 393 16
136 948 11
469 702 8
983 994 4
472 743 7
155 284 1
200 806 8
504 916 10
725 862 12
191 320 20
542 612 10
93 130 2
134 466 8
316 442 5
8 956 18
23 598 5
521 641 11
665 793 1
692 786 9
957 961 13
646 708 10
83 644 5
311 429 18
293 385 2
743 905 11
752 890 13
108 423 3
658 809 16
486 625 2
44 816 2
100 640 11
160 548 16
86 450 19
335 610 8
510 740 12
184 744 14
235 439 4
135 584 8
208 627 9
294 680 9
94 192 15
248 561 9
55 163 10
220 914 20
362 954 6
645 767 12
188 603 3
304 712 4
75 171 8
5 573 9
108 764 8
216 743 10
801 849 5
197 772 3
167 837 1
58 372 1
399 901 8
121 693 20
614 836 11
32 433 18
452 774 10
637 785 19
180 757 20
59 75 4
64 283 5
513 921 1
217 268 6
16 93 2
366 783 8
214 646 20
226 997 17
157 664 2
340 677 4
298 358 20
201 491 11
143 223 19
315 693 18
345 788 10
697 828 13
77 516 19
72 272 14
123 516 11
697 998 15
108 669 13
170 652 12
3 941 12
535 750 5
3 450 3
701 932 11
410 635 1
75 144 4
377 745 9
243 594 2
702 973 17
356 816 7
83 924 12
539 915 13
119 713 18
233 722 20
388 766 19
24 121 11
642 956 16
348 799 20
52 907 7
173 789 19
660 873 20
563 893 16
869 981 16
573 805 14
292 474 19
39 132 4
250 986 19
257 553 10
78 320 2
367 601 11
114 802 15
367 567 18
147 441 16
273 587 11
16 944 6
280 399 6
787 890 16
62 106 6
167 425 10
376 823 18
35 857 7
167 821 10
459 546 3
402 993 18
23 600 18
573 797 15
479 557 13
93 261 16
1 651 13
147 381 7
434 507 1
361 390 14
312 988 9
1 989 8
419 929 10
216 890 18
927 951 5
177 365 18
56 213 2
748 873 20
271 335 4
36 191 6
413 439 5
202 373 18
194 555 12
143 342 2
396 960 1
276 743 4
768 782 18
388 605 19
420 988 5
909 930 14
0 890 12
190 689 6
76 759 5
560 956 10
549 962 9
478 657 1
574 719 13
383 917 8
227 802 17
247 424 4
561 885 9
693 899 11
37 747 2
821 947 20
500 630 13
50 426 19
463 841 19
289 428 16
685 934 15
293 520 4
6 601 19
580 622 19
900 908 14
2 359 5
117 155 11
42 200 7
706 936 6
367 430 11
35 945 2
26 508 6
281 635 8
78 904 20
217 290 10
109 694 19
141 393 10
343 750 15
70 678 9
175 694 12
531 670 15
434 870 15
98 877 3
555 726 1
292 936 16
293 482 18
218 245 11
81 494 1
76 405 19
427 743 13
78 330 18
498 778 17
172 386 19
268 689 8
728 860 17
476 762 16
470 938 15
450 455 9
595 739 7
582 779 7
517 714 2
238 843 20
572 668 9
206 784 13
782 984 14
67 376 7
50 224 18
103 577 7
647 941 11
220 336 19
95 474 17
770 787 12
96 765 12
451 953 3
19 844 8
442 884 1
460 708 13
292 825 18
361 705 6
278 719 19
63 851 20
687 859 8
199 562 12
598 660 16
461 588 13
269 944 12
282 391 15
240 400 13
442 531 4
362 982 15
703 859 16
745 944 6
550 733 14
320 988 7
131 660 8
407 667 7
150 615 7
66 269 11
391 442 2
190 757 5
361 701 13
266 934 3
286 623 18
94 762 19
132 532 5
44 384 3
43 845 8
527 571 18
68 495 5
479 523 13
81 375 12
315 877 15
4 454 9
489 505 7
261 727 1
497 811 9
118 898 7
394 723 16
418 554 2
8 764 14
312 687 10
337 755 19
489 884 3
43 941 17
365 716 18
366 652 2
122 905 11
364 676 13
841 866 13
325 681 2
154 361 9
297 597 18
97 270 3
523 636 10
111 431 17
18 335 9
296 549 9
334 481 20
457 753 13
64 899 18
255 661 7
376 404 4
559 874 9
412 758 17
156 988 18
108 974 12
21 943 6
28 105 4
671 839 11
639 783 11
544 896 4
24 560 5
36 920 6
813 985 14
377 844 19
94 599 10
662 905 3
219 816 4
699 717 17
632 699 7
128 268 8
293 891 17
111 807 16
767 983 10
195 666 10
16 383 2
288 559 17
207 680 12
412 431 8
348 971 20
412 651 11
627 974 10
698 781 7
73 393 1
937 953 7
173 563 9
220 353 11
339 954 9
261 856 20
424 491 13
175 187 16
49 945 19
451 811 7
401 576 3
676 801 20
425 953 12
85 935 15
600 701 13
310 382 9
57 180 6
7 286 3
39 91 12
419 509 13
336 369 5
755 923 18
63 603 6
242 517 5
44 215 13
572 758 4
223 228 17
441 505 9
104 410 19
227 727 14
106 293 20
18 742 8
577 846 1
284 325 7
259 345 18
8 296 20
228 749 7
25 735 15
334 526 18
109 730 19
143 480 4
109 145 3
333 907 6
58 733 15
731 746 11
490 524 16
10 457 7
470 595 19
582 994 10
746 757 4
205 216 12
758 825 14
941 972 3
701 971 2
63 846 6
91 626 17
346 472 6
493 611 18
325 722 6
576 950 6
186 375 15
26 59 5
559 957 10
73 103 9
457 753 16
612 628 1
30 770 7
315 583 6
211 563 1
42 127 6
339 873 10
956 961 7
439 815 12
573 855 14
432 597 3
146 807 20
497 749 14
155 994 14
369 542 16
377 657 16
821 934 10
377 426 3
398 971 8
359 579 8
38 622 15
3 398 5
161 947 20
130 734 5
436 930 9
871 911 20
582 757 15
382 666 10
131 404 17
502 627 1
180 422 19
710 794 16
52 372 4
175 474 12
68 281 11
243 271 3
798 938 20
669 761 20
577 897 14
362 996 5
495 981 11
342 675 5
373 599 3
427 649 9
265 503 10
382 776 2
848 984 13
549 591 16
320 481 2
65 414 14
178 776 6
682 688 20
720 780 20
322 846 7
253 694 4
487 751 2
466 568 4
64 492 1
602 722 9
726 742 15
354 978 2
544 594 4
10 726 13
407 946 7
373 690 13
26 893 19
493 649 12
109 831 10
547 863 10
95 714 2
409 949 11
565 659 15
380 452 7
121 271 5
159 196 14
862 961 17
368 533 13
288 463 6
238 427 6
69 420 7
117 255 12
417 574 3
475 524 13
253 899 5
376 444 10
223 292 18
94 103 1
662 911 12
192 614 18
157 911 2
156 672 17
419 895 6
488 838 15
841 891 17
4 154 9
388 610 2
286 406 8
78 236 5
411 843 5
353 355 4
26 790 19
232 655 5
297 520 10
195 960 18
413 640 20
480 703 14
495 806 5
162 265 6
313 806 3
41 869 4
541 784 2
302 361 10
74 770 11
375 750 10
483 586 19
90 941 18
768 996 8
349 361 7
167 733 20
191 683 18
34 277 20
227 547 18
402 705 3
753 967 1
120 420 6
561 930 5
445 559 4
428 616 9
16 66 12
216 387 15
928 938 16
574 587 3
452 765 10
453 970 2
236 606 3
432 531 15
142 728 8
296 372 12
716 828 15
34 996 13
438 517 14
547 592 8
377 865 2
265 794 18
317 908 17
18 374 18
542 883 18
1 666 13
481 890 5
440 526 11
632 920 15
157 396 13
718 915 12
135 792 19
524 875 18
205 725 8
93 257 2
368 482 14
770 810 8
302 950 14
39 617 10
53 867 16
646 748 5
286 986 20
72 685 8
377 470 2
85 583 9
529 849 18
568 870 19
474 845 10
277 782 3
425 746 15
341 560 8
835 846 16
905 924 13
600 828 14
91 423 14
167 722 1
559 678 12
363 477 3
414 428 13
729 968 14
646 668 17
335 600 2
41 613 10
185 301 8
696 713 9
150 949 8
410 660 4
447 581 6
77 831 13
399 698 17
97 839 10
26 459 8
47 399 19
381 935 20
704 829 10
411 621 17
261 826 14
51 517 3
217 419 18
612 994 5
406 673 10
729 862 10
40 443 16
130 717 7
392 609 15
157 286 15
677 971 20
194 201 5
61 804 20
449 803 8
656 719 2
159 894 7
525 800 2
376 659 5
229 973 6
11 994 16
172 659 8
137 488 5
307 527 16
579 785 8
73 153 19
194 922 3
289 728 4
754 840 17
905 931 6
467 824 12
686 955 10
163 603 6
269 283 3
909 996 13
362 424 19
479 736 2
503 505 12
470 531 20
10 385 4
505 862 13
164 896 2
216 626 12
258 829 13
125 937 6
197 808 18
249 608 7
956 962 16
636 945 9
428 680 10
406 479 13
888 932 7
107 981 16
298 459 16
166 866 8
132 885 9
125 321 2
157 438 18
336 498 10
413 933 6
335 874 7
102 866 12
125 511 19
343 609 9
490 514 2
274 905 16
383 498 7
55 65 2
300 638 16
714 916 16
473 587 14
264 664 7
811 993 14
930 956 15
63 500 6
462 994 10
66 555 2
97 532 6
603 753 8
59 476 9
45 105 5
543 799 9
450 637 19
695 821 15
738 867 14
260 606 9
154 528 8
194 952 15
3 83 15
46 350 6
408 646 16
523 924 6
353 687 16
378 497 2
36 649 3
44 752 5
29 54 8
448 815 4
348 538 19
253 255 7
249 872 7
429 647 15
316 500 11
320 866 10
496 992 11
335 682 20
197 345 18
290 361 3
500 621 9
393 430 13
900 990 6
746 867 4
549 550 1
790 988 8
232 637 19
22 160 15
573 715 10
35 471 5
48 127 2
597 685 11
906 956 7
319 988 8
706 949 20
428 686 15
201 325 3
177 526 6
223 730 1
17 587 8
71 509 14
452 900 2
806 959 11
2 221 7
523 734 16
38 946 8
385 460 3
68 274 6
46 275 2
103 759 1
789 838 15
555 933 2
714 915 18
222 559 6
256 376 19
177 644 2
48 454 1
880 984 3
402 577 6
325 509 8
830 970 4
18 415 2
90 92 1
89 753 7
310 784 4
332 728 17
526 707 1
84 279 10
263 602 4
796 864 10
531 901 5
170 398 17
173 479 2
118 798 10
393 817 3
21 771 12
562 878 8
223 555 18
259 569 7
559 904 6
723 732 17
400 515 11
20 272 11
73 529 2
160 397 18
708 714 19
121 132 3
494 864 5
183 530 15
495 737 12
466 906 11
27 145 20
189 464 3
222 844 8
134 941 4
283 422 15
298 337 11
763 953 15
58 576 15
823 868 4
587 937 2
146 351 13
390 859 15
394 676 8
689 854 2
366 726 18
769 971 3
184 957 5
303 744 15
16 610 18
664 870 16
61 172 20
295 370 20
370 701 15
84 514 11
398 587 20
240 520 14
156 349 13
215 317 9
44 867 15
843 972 10
936 966 7
91 421 13
708 736 20
520 942 16
285 598 17
494 864 18
415 985 6
726 754 14
562 642 15
547 919 16
434 772 12
159 391 13
191 471 17
190 265 4
92 216 19
724 885 8
496 656 5
595 714 20
642 801 12
541 580 14
487 607 18
351 878 1
598 961 6
480 548 3
56 73 1
178 642 8
78 828 13
192 668 14
568 925 13
421 876 11
112 246 20
707 838 20
89 658 2
184 986 17
516 583 6
604 778 3
111 332 11
441 835 10
231 935 18
89 742 1
229 567 1
527 587 19
239 589 14
862 874 14
243 617 17
647 923 4
49 857 9
338 352 12
356 721 3
453 883 10
808 911 12
690 861 4
697 948 18
35 944 2
844 971 4
215 632 11
453 499 20
375 770 14
818 862 18
704 803 15
225 539 11
134 328 9
653 690 5
98 288 18
161 502 11
831 995 1
584 624 6
399 570 10
628 645 3
39 90 11
24 755 8
713 923 11
498 787 18
64 779 14
41 751 15
442 956 14
1 377 7
553 593 10
330 539 5
491 527 13
633 806 15
183 763 18
398 871 11
129 401 5
394 919 3
398 559 10
191 638 12
130 988 11
670 939 20
182 851 18
154 701 3
406 537 4
96 158 10
699 961 3
19 374 11
488 982 16
461 813 11
152 350 17
39 659 1
889 935 3
264 956 16
610 676 1
934 986 16
44 878 5
671 795 16
318 779 18
365 387 11
740 928 4
316 615 2
4 641 3
112 344 1
311 995 4
231 307 8
277 892 16
15 596 11
495 915 12
221 817 4
910 996 16
350 613 2
745 872 18
723 813 19
2 838 2
366 672 4
648 678 4
565 684 13
472 642 1
322 780 8
506 956 4
346 976 5
213 968 15
555 962 12
427 755 14
162 792 9
120 572 11
306 929 19
213 793 19
309 700 8
840 867 6
617 687 17
648 878 6
361 427 11
200 634 19
11 668 20
81 766 19
204 635 5
22 263 14
52 358 6
49 92 6
144 322 12
679 857 20
15 64 19
496 541 17
595 713 17
107 834 9
561 892 7
178 922 19
495 542 13
292 655 6
193 545 16
258 591 9
652 877 12
740 780 16
310 965 3
947 963 7
510 852 11
205 253 5
736 750 1
299 827 19
0 577 9
402 662 10
124 461 5
150 363 6
145 704 17
6 993 7
277 758 11
235 900 7
284 958 2
688 915 20
546 834 2
165 198 15
87 731 9
538 669 1
262 983 1
266 524 10
579 788 15
687 855 6
75 538 4
148 861 2
229 885 16
107 776 17
103 277 19
289 707 4
390 416 7
31 919 2
387 432 15
599 619 12
209 373 12
241 621 9
455 934 19
293 922 19
587 775 12
340 952 2
234 665 7
466 983 10
435 837 4
56 534 14
438 490 7
700 804 4
493 623 16
100 637 14
620 797 16
73 165 8
218 407 3
545 735 10
282 839 7
777 920 16
664 859 15
377 515 15
81 549 16
119 319 2
474 881 17
139 617 18
111 949 6
403 938 16
25 552 16
61 853 17
341 389 14
742 794 19
18 206 7
179 584 16
40 613 10
173 202 16
105 470 11
296 909 18
667 695 1
314 873 16
10 206 17
308 996 10
228 997 1
276 836 13
48 645 17
138 870 3
125 951 4
659 847 1
462 549 11
567 727 13
430 580 16
69 346 11
443 833 3
77 450 2
111 207 20
566 687 8
506 856 18
408 680 16
770 908 8
579 825 14
546 665 12
571 672 18
676 919 3
422 645 6
175 453 13
46 312 17
378 895 13
672 843 15
318 636 16
148 404 17
21 141 1
113 124 20
596 659 14
11 933 11
166 447 17
194 617 10
612 878 5
290 490 6
43 392 20
440 958 13
337 550 17
402 950 12
470 736 13
330 627 6
406 786 18
68 969 4
806 846 15
583 914 4
634 770 5
283 754 6
713 742 3
291 414 13
136 557 20
211 590 5
391 574 7
275 821 19
642 938 17
427 647 1
455 838 18
299 325 17
23 188 1
472 629 1
371 825 2
96 954 12
295 484 18
251 830 18
154 327 10
792 945 18
411 566 9
33 568 5
511 981 20
321 625 16
64 207 13
249 906 20
204 584 1
48 865 10
474 909 3
337 865 6
572 971 8
140 501 7
103 793 1
215 815 5
593 630 5
90 269 8
315 427 14
326 524 20
212 493 17
10 449 7
54 398 5
6 610 19
137 657 1
822 860 20
35 615 6
261 434 20
445 518 14
412 533 13
339 388 1
575 700 16
94 196 1
139 893 9
320 531 17
699 963 8
324 634 14
658 782 19
757 886 1
205 984 9
391 979 10
41 839 6
548 981 11
675 969 2
66 534 5
201 580 20
442 457 16
551 651 10
603 637 8
744 988 5
96 451 20
196 498 13
309 752 7
239 782 12
689 823 17
264 419 14
66 454 17
238 282 11
367 738 19
927 932 17
114 142 8
208 554 17
24 106 6
99 249 6
528 810 20
57 687 1
471 527 11
267 660 14
465 848 19
14 803 13
152 458 17
131 742 16
773 925 2
209 664 9
136 359 8
67 167 13
442 783 13
628 904 10
392 572 18
49 150 20
825 873 10
48 287 1
67 806 5
530 575 7
213 632 3
117 339 2
173 793 10
64 716 6
13 208 17
714 979 8
366 509 4
133 856 8
65 521 1
85 86 17
552 797 5
73 440 2
254 461 3
296 330 16
198 219 6
419 698 13
865 914 14
519 682 10
21 424 17
722 762 4
7 839 19
199 639 8
35 101 17
333 556 20
148 315 18
41 534 6
203 531 1
599 716 13
308 466 16
38 959 9
613 688 11
518 673 16
37 740 2
136 940 8
72 568 18
517 870 11
540 771 6
99 305 13
279 886 5
356 907 15
313 437 11
230 907 12
323 780 10
773 996 16
192 383 9
394 679 10
57 953 3
259 780 15
234 704 2
373 876 4
98 927 7
62 155 12
47 928 19
872 924 6
56 706 13
48 528 17
175 999 13
116 495 6
579 682 20
2 442 14
735 923 7
182 810 11
383 943 18
215 932 17
73 120 9
51 954 5
802 863 10
438 795 14
108 900 14
113 559 3
186 452 2
34 524 9
0 890 5
30 214 2
505 719 16
854 903 15
178 739 18
241 945 7
875 883 6
393 934 17
423 566 18
13 261 18
278 409 5
673 723 13
263 611 12
83 855 17
35 328 13
27 359 11
370 989 14
822 856 7
58 754 4
280 512 10
397 806 1
437 581 1
501 584 8
638 901 14
719 994 10
672 795 7
298 737 12
151 815 2
68 534 18
224 824 10
700 793 17
64 741 3
315 760 9
688 821 11
91 818 4
919 957 13
212 299 1
63 350 1
585 672 2
440 758 20
453 533 5
204 312 6
537 643 15
484 645 18
691 876 5
130 664 9
269 546 5
117 216 19
110 648 12
144 224 18
147 395 9
2 795 6
785 914 13
115 719 1
409 667 3
544 920 1
91 822 15
183 954 14
339 678 2
344 622 11
2 537 12
71 890 5
192 906 17
174 947 16
193 679 5
727 814 12
223 704 18
556 587 18
358 933 5
435 951 2
527 647 15
35 339 18
378 874 12
909 967 5
69 167 3
575 785 7
255 491 8
115 449 10
296 462 7
291 313 11
811 971 5
34 489 18
359 500 3
452 775 18
48 166 18
248 282 4
807 936 18
453 931 5
200 770 3
521 741 10
172 409 8
557 948 4
91 442 8
3 213 18
152 159 5
241 994 15
548 941 7
237 699 13
423 853 14
247 613 16
191 975 17
151 384 11
380 454 14
443 889 18
864 865 3
93 150 13
412 743 12
673 840 12
442 629 10
441 996 8
547 949 16
482 621 8
61 429 3
573 807 9
816 846 4
154 467 6
359 446 9
598 907 7
440 917 11
228 610 18
324 404 6
281 570 19
92 735 3
32 367 12
188 223 8
236 479 18
397 576 14
92 602 4
617 644 11
634 961 17
56 451 9
73 179 16
757 848 19
728 822 9
611 675 13
330 974 5
22 836 11
259 639 5
99 258 15
832 959 10
512 894 20
11 819 1
531 795 11
105 649 7
246 294 20
76 271 15
201 892 7
850 865 4
13 479 18
140 829 15
227 374 15
37 419 2
814 835 8
4 442 5
343 441 20
1 68 6
497 507 13
578 678 15
95 328 3
871 968 14
219 398 9
143 266 19
397 725 6
108 321 6
221 831 6
440 548 19
542 623 11
83 964 2
525 806 12
185 680 11
372 774 17
65 705 5
10 112 11
807 882 14
476 657 16
631 821 18
34 960 15
244 913 18
75 297 19
32 375 6
326 677 4
488 494 13
4 391 16
320 618 20
431 698 4
433 710 8
175 567 1
351 579 17
72 596 5
140 791 1
231 389 5
245 726 16
116 242 2
95 285 18
15 81 18
467 872 18
78 86 17
561 716 20
43 430 13
169 744 1
499 858 15
133 200 13
253 456 1
20 474 2
236 262 15
505 979 3
850 936 18
470 793 19
873 991 9
381 756 2
408 574 9
394 821 18
35 183 15
151 729 17
254 425 18
130 210 2
67 404 20
422 983 8
569 626 1
552 956 15
522 633 17
116 668 2
187 409 17
424 992 5
499 751 10
707 973 4
234 888 12
22 665 11
8 718 7
341 787 16
155 595 19
77 517 7
278 825 15
268 914 17
177 180 11
401 529 13
630 955 4
73 742 16
12 217 11
655 720 12
83 241 6
484 787 13
541 714 15
157 679 15
231 643 19
3 869 15
111 821 19
533 659 2
521 892 20
663 715 8
808 874 5
218 751 10
134 971 18
461 720 2
92 422 17
292 835 17
769 861 1
236 699 1
67 385 19
360 666 1
62 256 1
636 932 18
323 888 16
278 680 19
214 575 1
351 412 15
707 778 6
589 713 12
151 653 12
536 796 8
71 816 3
23 338 4
9 316 6
531 942 10
344 707 2
854 912 1
406 573 10
560 808 5
538 926 3
631 927 8
427 581 12
456 747 3
78 244 12
350 487 17
22 500 19
18 790 9
385 520 6
304 697 20
730 908 4
55 171 9
253 857 19
295 567 8
55 289 1
70 763 5
165 648 7
802 869 3
684 974 18
387 518 18
15 138 2
53 713 7
822 990 1
6 101 13
206 581 16
226 648 8
301 373 20
506 523 20
232 837 20
24 447 14
117 878 12
201 549 11
139 942 2
215 301 5
185 204 3
733 908 5
647 981 1
14 313 7
498 521 20
150 384 14
350 582 2
72 755 14
34 958 12
175 676 9
905 932 2
244 421 1
254 867 14
469 538 6
309 412 2
47 344 16
686 743 10
187 952 16
193 485 13
602 646 20
189 995 6
547 650 16
50 522 20
83 153 17
748 942 16
500 989 15
613 768 1
451 863 3
114 902 12
521 742 20
806 951 19
674 861 20
793 805 15
13 797 10
421 617 20
701 959 1
127 320 13
115 727 4
298 518 17
298 551 14
234 415 10
518 533 2
21 895 13
174 652 13
258 493 15
91 204 1
630 714 7
504 959 19
475 509 3
58 443 10
279 938 18
270 720 17
458 545 8
510 955 6
204 533 17
545 828 6
298 757 11
28 84 6
17 863 17
642 811 15
524 601 18
270 397 6
601 620 12
79 485 10
775 955 14
50 399 11
485 670 4
595 679 20
493 576 10
189 747 2
489 509 15
639 754 14
503 840 14
663 824 15
48 688 8
464 931 19
315 609 9
6 738 7
273 712 14
570 814 10
530 722 18
255 542 9
203 553 4
9 212 14
267 347 17
916 959 1
342 583 3
273 883 17
264 748 14
325 716 3
479 831 1
451 672 17
619 734 19
88 639 3
373 503 3
872 912 11
629 988 3
517 589 12
210 581 9
72 177 4
701 885 5
622 750 17
87 872 13
564 926 3
20 316 6
332 501 15
70 366 20
218 275 15
372 855 14
805 947 12
322 571 5
123 603 14
373 768 13
243 441 14
36 874 13
149 631 11
113 410 2
370 898 19
530 990 11
192 736 3
509 590 15
161 166 15
365 596 9
234 764 9
132 190 4
121 392 3
190 510 12
305 925 9
78 759 6
262 760 2
385 883 15
522 972 8
39 563 9
725 768 13
235 620 4
25 439 19
584 931 8
404 476 12
277 299 5
157 291 2
612 929 18
524 553 9
64 816 12
99 650 16
83 390 17
108 941 7
379 952 10
376 499 4
288 666 14
191 732 14
385 860 9
38 373 2
317 361 11
551 814 9
33 851 18
10 518 19
69 825 6
584 927 15
518 782 12
262 539 16
3 950 13
570 936 3
117 315 13
157 290 14
72 628 15
511 971 18
317 569 18
131 284 4
340 850 5
480 869 19
70 180 5
57 772 17
372 419 4
71 954 5
45 675 17
232 437 20
212 485 3
454 741 20
178 685 16
377 799 17
142 161 6
17 82 6
29 709 6
959 974 8
503 934 2
239 286 17
112 742 4
357 484 9
683 827 2
41 590 9
79 891 3
266 774 4
45 788 15
209 719 2
239 370 16
371 407 2
197 714 4
17 159 2
539 642 13
226 330 18
519 683 19
573 796 2
636 948 7
384 649 16
376 738 11
237 767 5
468 702 17
27 290 1
777 802 15
560 681 10
322 342 5
267 706 15
146 607 5
198 729 13
257 433 17
13 104 17
464 678 20
109 469 6
77 803 18
653 733 8
89 480 19
52 593 11
253 840 3
395 515 7
698 960 19
65 260 17
87 620 1
399 747 13
48 79 1
179 804 10
487 699 16
577 777 14
153 852 8
65 564 19
0 329 4
117 925 12
180 313 6
137 593 4
825 927 15
671 804 13
252 310 14
517 983 4
170 282 12
506 754 20
371 522 2
936 952 1
53 535 10
588 984 15
692 722 5
344 526 12
186 847 2
470 683 16
68 536 15
192 286 12
322 900 17
310 842 7
555 941 9
547 944 1
134 938 20
214 766 4
197 318 16
267 600 10
95 176 15
15 405 19
418 636 7
278 332 9
13 430 20
263 693 9
490 862 16
309 942 6
204 683 16
482 810 16
169 679 9
340 689 18
809 982 11
364 874 6
132 661 19
115 136 13
322 919 7
16 530 15
508 831 10
446 680 18
326 693 14
307 898 4
249 960 5
560 851 2
620 995 18
57 544 13
828 968 1
216 409 1
783 965 1
504 619 18
534 910 9
525 654 1
34 404 1
816 852 11
672 706 14
128 914 6
261 631 18
121 235 18
699 864 8
688 724 15
523 909 5
718 819 7
226 538 14
538 854 18
253 551 12
852 934 4
483 515 20
210 831 10
605 675 8
231 913 12
710 866 5
277 445 16
145 412 1
504 813 4
113 545 17
429 845 5
19 961 10
340 821 7
503 937 15
581 905 12
681 718 11
137 911 16
365 534 4
477 799 2
2 528 7
107 934 16
174 490 1
330 415 11
181 408 13
715 724 14
333 520 6
78 138 6
445 578 20
193 297 20
72 668 8
210 415 8
385 813 11
231 897 17
40 228 18
58 254 16
837 883 15
48 761 6
190 873 11
31 997 13
666 905 14
389 853 13
273 956 10
330 342 4
469 885 5
654 709 8
519 603 11
408 641 19
99 655 6
865 870 9
743 909 1
117 438 17
555 758 12
68 638 1
572 693 3
30 721 2
431 442 12
614 810 1
182 469 2
513 605 9
703 800 3
82 223 4
458 607 19
44 530 9
355 945 12
447 635 7
218 260 17
77 532 6
61 685 9
8 990 13
102 488 15
708 744 17
266 300 18
873 903 9
576 656 3
775 830 18
612 740 6
355 701 1
127 304 17
247 877 3
477 713 10
206 410 15
59 934 19
327 851 17
671 719 11
331 525 17
85 994 4
246 798 6
337 404 14
315 814 4
246 547 15
223 431 14
91 842 13
18 831 20
68 698 6
319 538 10
615 773 17
125 585 16
495 623 10
218 659 4
250 431 10
224 353 12
193 873 3
110 356 8
200 342 4
668 859 2
128 403 5
23 137 7
96 334 10
580 630 12
218 621 14
406 945 18
150 197 10
17 627 17
741 744 10
424 850 11
314 609 16
213 296 16
72 713 19
141 723 18
274 418 18
701 855 17
38 295 20
558 824 5
291 877 15
176 663 9
47 901 15
2 629 3
337 677 6
56 471 17
452 754 6
419 508 1
396 447 17
352 804 1
101 113 11
309 811 15
409 413 3
139 289 10
887 980 20
261 462 17
533 996 6
799 805 1
101 401 5
239 850 19
567 946 17
1 370 19
149 460 20
382 509 16
540 895 4
396 903 3
327 684 10
273 458 7
483 631 8
504 560 10
466 479 19
51 198 13
710 801 18
388 970 16
618 821 4
439 927 7
91 503 7
415 688 4
602 706 14
305 997 5
250 800 11
504 655 18
799 934 7
191 205 2
252 923 17
267 316 18
571 917 16
287 487 17
203 955 9
457 507 15
598 671 6
410 500 15
231 816 14
428 927 4
689 993 18
165 400 18
482 953 12
356 757 16
4 93 7
493 659 10
69 917 8
645 766 11
357 634 6
222 869 10
40 135 13
102 902 8
338 488 5
482 641 10
228 831 5
114 217 9
312 892 10
76 733 8
843 865 1
163 308 1
5 51 13
525 596 7
856 875 1
705 708 15
170 564 8
830 853 20
478 751 5
337 909 9
586 749 20
158 427 20
467 687 7
849 956 1
579 784 12
329 831 12
329 349 9
645 652 2
178 493 2
369 442 2
152 844 1
235 862 20
86 813 20
251 330 20
387 445 16
746 961 6
422 851 3
535 972 18
199 456 2
316 588 18
185 976 20
153 397 16
371 682 12
67 497 16
102 103 18
489 555 2
680 994 9
497 880 17
363 872 3
468 566 11
524 986 1
268 661 15
138 548 1
134 301 15
70 728 7
79 493 6
496 758 3
352 450 6
490 932 17
51 353 3
578 777 18
103 903 11
320 635 12
562 594 9
294 986 11
221 977 4
361 693 16
363 838 18
566 873 8
474 578 19
227 367 13
430 937 14
469 931 4
577 987 16
618 942 9
107 149 20
579 796 13
73 124 14
119 897 17
59 169 6
100 793 13
517 668 4
88 528 20
101 719 7
498 986 20
140 419 9
24 651 9
113 170 13
691 860 19
278 799 9
5 697 11
124 164 12
558 842 15
105 107 3
82 749 2
352 772 11
147 740 2
85 285 7
43 731 6
478 960 2
153 745 14
12 903 18
133 839 1
528 584 1
218 828 17
124 673 10
802 836 4
629 938 7
233 842 17
580 778 2
156 826 4
718 906 10
278 685 1
433 801 19
575 982 7
173 396 19
524 775 14
746 951 8
242 655 5
93 920 20
252 406 12
316 655 11
77 878 14
141 349 11
781 914 19
151 840 7
56 974 18
610 974 18
335 961 6
339 939 9
636 648 18
737 979 4
835 955 6
162 845 16
103 588 3
47 300 2
470 847 5
126 829 3
187 775 4
268 509 5
616 717 9
930 951 16
580 864 18
105 775 7
51 398 13
818 890 20
154 824 1
414 769 16
533 545 17
406 462 17
347 999 15
68 787 7
461 564 15
380 418 13
10 640 14
216 641 4
522 857 4
945 952 1
270 421 6
861 943 6
464 943 9
53 124 4
164 831 7
111 637 11
118 449 5
520 651 4
605 830 20
263 423 7
444 966 3
118 745 3
185 325 16
456 512 16
169 766 15
33 641 5
261 856 17
27 133 15
380 490 15
195 609 3
702 712 18
141 353 8
66 660 4
462 742 3
217 249 12
30 679 12
843 942 16
481 495 15
130 138 9
584 728 17
274 833 18
504 904 9
172 487 20
395 958 16
403 557 14
331 827 9
398 656 3
708 992 10
94 439 4
233 658 19
548 579 11
381 800 12
885 963 18
329 712 3
509 957 9
66 226 18
177 749 14
596 811 10
434 738 19
313 901 15
593 732 9
551 713 1
195 870 20
170 178 4
582 750 19
194 255 13
241 559 7
659 915 11
592 729 8
52 189 11
563 780 14
43 696 6
629 792 18
442 946 15
537 812 4
215 963 17
73 540 7
380 532 2
154 960 8
14 249 1
78 430 8
151 471 4
496 964 18
318 415 8
72 133 9
585 978 1
17 826 10
691 855 18
716 988 7
510 591 18
347 501 6
228 858 8
469 526 10
514 915 20
456 921 2
514 737 13
127 305 7
91 467 3
156 451 20
148 441 17
48 237 16
156 745 9
7 509 3
203 930 15
18 870 1
398 434 2
193 220 16
356 880 1
382 495 9
9 311 17
47 966 13
610 973 10
235 328 14
235 488 3
131 791 14
122 431 9
397 973 19
593 956 9
130 822 7
255 668 1
45 460 5
310 844 3
161 662 5
384 552 19
67 160 3
315 829 13
152 579 12
441 975 8
649 920 9
869 951 2
55 584 2
112 410 2
287 766 2
22 45 9
77 994 16
122 329 2
506 570 20
98 357 15
443 516 17
219 928 14
208 405 16
636 837 4
165 423 14
208 497 19
84 505 19
131 992 17
48 893 10
96 155 4
515 662 4
442 981 4
85 214 15
55 622 6
170 648 5
292 518 11
138 328 19
578 976 20
127 179 1
176 351 5
242 318 1
513 707 12
41 200 10
527 926 10
34 125 14
802 883 4
389 574 9
430 695 9
74 750 17
29 133 1
602 627 11
165 757 16
365 901 8
174 294 8
207 755 1
441 864 9
196 927 7
340 447 12
273 811 11
412 565 19
50 183 5
75 451 15
653 966 20
616 829 17
410 725 14
799 995 19
428 463 16
789 931 9
129 333 9
422 544 7
163 539 2
419 875 2
606 860 15
55 302 13
76 178 9
513 858 14
686 983 9
184 723 1
198 711 6
504 849 7
19 32 5
346 793 10
215 236 19
834 839 15
438 674 18
484 649 4
202 859 18
341 686 10
139 903 4
274 492 3
602 736 16
387 801 13
832 949 10
86 434 13
162 526 16
368 964 7
29 717 6
161 664 17
242 382 12
280 998 18
116 919 16
227 520 2
472 623 5
453 847 14
693 982 9
230 759 16
281 741 12
15 38 7
182 874 10
246 394 12
72 84 9
725 944 1
60 424 10
321 380 3
307 686 11
165 700 2
523 709 14
202 790 17
47 669 7
205 340 14
208 994 10
327 770 11
162 461 12
121 962 8
306 799 12
262 721 6
147 915 10
420 706 3
422 953 16
716 732 16
174 981 2
676 977 18
35 50 16
40 902 20
163 999 13
483 802 3
13 238 18
37 187 14
760 818 19
679 945 7
137 871 14
670 810 4
284 414 1
831 952 2
678 799 8
87 149 8
121 308 13
256 943 13
414 942 2
179 858 18
380 811 2
10 731 10
111 830 19
163 452 1
117 174 1
171 965 11
500 820 6
395 938 3
382 401 15
427 743 12
185 391 20
200 872 7
114 227 14
96 685 11
515 553 18
265 581 5
116 353 3
594 625 16
32 880 19
647 903 6
730 807 3
524 589 15
175 901 16
41 400 20
484 701 18
265 896 16
130 549 11
270 734 7
528 816 4
403 753 12
368 534 12
612 908 20
845 921 6
269 343 10
325 981 7
328 472 10
400 813 2
51 774 11
462 579 3
13 331 14
64 615 3
514 529 16
627 810 20
74 495 13
116 167 6
276 574 17
229 238 20
715 964 20
395 473 1
349 659 19
307 841 1
379 705 6
252 623 8
517 579 18
380 408 17
6 65 6
304 569 14
278 659 9
553 812 1
263 556 18
9 347 7
297 404 18
580 727 2
11 189 7
3 877 9
324 837 7
193 867 16
364 718 1
590 878 16
82 221 5
271 405 20
459 988 11
492 616 3
269 806 18
434 780 15
68 665 7
373 866 3
648 937 18
256 772 13
296 602 6
289 620 8
551 680 3
677 760 16
861 882 16
509 749 15
174 847 10
365 595 20
233 565 11
99 204 14
385 991 13
640 843 20
539 677 15
115 497 10
248 946 8
324 598 4
25 681 17
507 851 11
331 462 8
622 627 15
175 688 19
375 578 15
379 555 16
174 919 7
298 743 14
35 103 2
32 168 15
314 950 7
256 395 3
681 866 3
559 623 17
18 304 20
391 425 10
292 387 10
195 407 6
439 554 4
430 792 10
251 670 6
493 551 4
670 740 5
60 853 1
149 626 1
274 541 15
555 967 7
309 409 5
45 274 17
266 480 9
110 836 18
207 626 4
117 211 12
94 853 11
651 789 13
678 889 3
808 912 12
227 298 3
624 900 6
360 765 18
142 726 15
491 656 5
109 293 4
713 852 14
160 731 14
557 843 4
376 822 4
815 978 7
877 881 15
469 823 8
147 496 19
495 658 19
102 874 3
667 846 3
336 774 17
863 931 4
174 910 20
302 538 1
148 917 17
460 770 12
290 702 5
33 594 17
421 478 18
113 971 8
203 232 13
353 482 2
657 915 7
167 171 17
429 841 3
142 981 17
190 934 13
306 702 13
510 885 19
112 472 7
175 559 8
132 223 3
720 869 9
18 660 18
481 875 14
547 881 19
345 373 17
15 707 13
266 632 12
768 860 5
290 786 12
242 261 19
440 646 20
106 539 16
421 918 1
409 612 7
119 926 3
172 624 4
255 353 1
17 230 10
397 506 7
605 990 1
707 823 7
55 896 15
139 589 2
359 457 5
908 987 1
373 995 12
77 592 12
322 876 3
170 349 9
98 776 11
405 486 4
170 249 7
757 938 6
299 384 16
211 524 9
593 846 10
85 933 7
439 629 1
364 465 2
320 953 6
811 995 1
116 305 18
5 303 15
559 614 20
17 164 5
38 709 10
697 855 5
234 253 14
234 937 9
111 745 7
4 520 18
633 678 4
174 374 8
89 863 5
364 605 17
609 842 20
554 576 12
136 628 6
429 452 10
444 649 8
419 675 12
403 458 5
366 669 11
134 154 7
171 396 7
36 458 3
20 601 16
443 629 4
710 729 7
153 516 19
635 847 11
397 517 12
240 727 16
756 757 5
289 428 1
151 709 12
345 528 7
112 251 11
339 857 19
397 646 13
685 723 2
102 507 10
615 761 11
233 813 10
329 459 20
434 893 11
66 469 10
1 141 2
403 530 7
207 693 15
303 675 11
230 935 12
653 982 12
58 932 10
179 217 8
89 155 16
213 410 6
1 920 5
373 723 9
62 174 7
583 729 19
487 793 3
102 640 17
510 666 4
754 996 6
808 960 9
443 971 10
52 523 5
518 867 20
648 898 1
242 504 14
554 670 10
594 854 5
125 569 17
101 636 20
70 659 16
483 730 14
485 856 3
382 597 12
141 492 9
172 281 18
188 723 19
706 738 20
836 841 20
399 805 18
139 938 15
634 790 15
439 984 16
156 873 6
281 518 10
255 822 15
55 515 2
263 630 7
264 687 20
122 876 6
402 815 4
169 187 10
312 384 4
608 914 8
246 637 11
363 541 20
657 670 16
363 667 16
415 433 11
494 825 13
956 996 15
725 853 11
254 320 8
249 996 9
123 352 3
202 772 11
293 372 1
108 868 20
41 743 8
410 713 11
275 713 1
117 759 15
751 976 16
701 901 1
474 804 18
309 468 2
251 551 2
442 949 8
73 645 11
21 879 16
131 721 4
468 841 1
115 361 10
125 679 17
437 828 17
655 885 6
826 834 5
151 571 9
133 270 17
629 957 8
289 477 10
64 927 3
644 945 18
399 760 1
784 977 2
631 997 17
365 737 5
363 469 13
452 518 16
441 807 20
108 534 8
230 797 9
282 566 9
103 464 20
41 815 9
61 223 11
285 760 20
193 219 2
366 467 5
728 830 5
392 852 11
499 900 14
609 792 4
83 194 14
265 627 20
634 749 9
307 956 17
255 446 19
163 448 20
105 449 5
925 972 12
36 76 3
705 734 12
351 569 10
663 877 10
63 535 19
22 628 10
288 807 10
372 532 4
354 619 7
22 754 6
557 684 20
5 70 7
339 902 7
127 349 8
34 892 12
381 634 14
87 115 12
285 528 19
133 846 18
191 808 2
645 982 2
330 469 18
247 370 11
241 432 1
562 640 8
47 437 9
87 294 19
423 694 8
680 811 13
242 389 7
93 382 9
558 986 15
35 331 9
356 547 20
2 514 1
128 238 1
162 754 15
97 919 2
378 428 6
67 945 8
205 750 13
391 932 20
278 590 6
483 709 20
574 985 2
69 357 15
679 766 15
348 554 18
190 969 15
34 398 11
565 707 12
670 809 18
399 944 13
233 933 5
345 660 12
230 720 17
168 951 9
57 977 6
710 715 6
279 420 6
374 533 15
520 536 18
732 911 10
199 314 20
256 609 3
170 996 9
318 933 4
374 609 10
181 256 13
200 910 13
472 722 17
381 550 5
75 507 14
279 602 18
24 904 13
100 512 3
595 632 2
0 353 4
620 672 5
199 307 16
212 426 3
158 191 7
494 664 17
101 536 11
415 576 11
499 760 7
69 327 5
213 450 12
113 979 11
